12

0
0.000000
0.000000
0.000000
0.000000
0.000000
0.000000
0.000000
0.000000
0.000000
0.000000
0.000000
0.000000
0.000000
0.000000
0.000000
0.000000
0.000000
0.000000
0.000000
0.000000
0.000000
0.000000
0.000000
0.000000
0.000000

1
1.000000
0.000000
0.000000
0.000000
6.000000
30.000000
0.000000
10.000000
10.000000
5.000000
10.000000
10.000000
5.000000
10.000000
5.000000
10.000000
5.000000
5.000000
10.000000
5.000000
0.500000
5.000000
5.000000
6.000000
6.000000

2
2.000000
0.000000
0.000000
0.000000
6.000000
60.000000
0.000000
-10.000000
-10.000000
5.000000
0.000000
-10.000000
5.000000
0.000000
0.000000
0.000000
-10.000000
0.000000
0.000000
-10.000000
1.000000
0.000000
0.000000
5.000000
5.000000

3
3.000000
0.000000
0.000000
1.000000
-10.000000
60.000000
-40.000000
-10.000000
10.000000
5.000000
20.000000
10.000000
5.000000
20.000000
10.000000
0.000000
0.000000
10.000000
0.000000
0.000000
1.000000
4.000000
4.000000
50.000000
50.000000

4
4.000000
0.000000
0.000000
1.000000
40.000000
6.000000
10.000000
20.000000
0.000000
0.000000
0.000000
0.000000
0.000000
0.000000
0.000000
0.000000
0.000000
0.000000
0.000000
0.000000
0.000000
0.000000
0.000000
0.000000
0.000000

5
4.500000
0.000000
0.000000
-2.000000
0.000000
0.000000
-10.000000
-15.000000
10.000000
3.000000
25.000000
-10.000000
3.000000
25.000000
20.000000
0.000000
0.000000
-20.000000
0.000000
0.000000
0.500000
20.000000
20.000000
0.000000
0.000000

6
5.000000
0.000000
0.000000
0.000000
0.000000
0.000000
0.000000
0.000000
0.000000
0.000000
0.000000
0.000000
0.000000
0.000000
0.000000
0.000000
0.000000
0.000000
0.000000
0.000000
0.000000
0.000000
0.000000
0.000000
0.000000

7
5.500000
3.000000
0.000000
0.000000
0.000000
0.000000
0.000000
0.000000
0.000000
0.000000
0.000000
0.000000
0.000000
0.000000
0.000000
0.000000
0.000000
0.000000
0.000000
0.000000
0.000000
0.000000
0.000000
0.000000
0.000000

8
6.000000
2.500000
0.000000
0.000000
0.000000
0.000000
0.000000
10.000000
10.000000
0.000000
20.000000
-10.000000
0.000000
20.000000
25.000000
0.000000
0.000000
-25.000000
0.000000
0.000000
0.500000
15.000000
15.000000
0.000000
10.000000

9
6.500000
2.000000
0.000000
0.000000
0.000000
0.000000
0.000000
0.000000
-10.000000
0.000000
0.000000
10.000000
0.000000
0.000000
-25.000000
0.000000
0.000000
25.000000
0.000000
0.000000
1.000000
0.000000
0.000000
10.000000
0.000000

10
7.000000
1.500000
0.000000
0.000000
0.000000
0.000000
0.000000
-10.000000
10.000000
2.000000
25.000000
-10.000000
25.000000
25.000000
25.000000
0.000000
0.000000
-25.000000
0.000000
0.000000
0.500000
10.000000
10.000000
0.000000
10.000000

11
7.500000
1.000000
0.000000
0.000000
0.000000
0.000000
0.000000
0.000000
-10.000000
-2.000000
0.000000
10.000000
-2.000000
0.000000
-25.000000
0.000000
0.000000
25.000000
0.000000
0.000000
1.000000
0.000000
0.000000
10.000000
0.000000

12
8.000000
0.000000
0.000000
0.000000
0.000000
0.000000
0.000000
0.000000
0.000000
0.000000
0.000000
0.000000
0.000000
0.000000
0.000000
0.000000
0.000000
0.000000
0.000000
0.000000
0.000000
0.000000
0.000000
10.000000
0.000000

